"Perlis" "Kedah" "P. Pinang" "Perak" "Selangor" "N. Sembilan" "Melaka" "Johor" "Pahang" "Terengganu" "Kelantan" "Sabah" "Sarawak" "K. Lumpur" "Putrajaya" "Labuan"
"18337" 8 31 15 18 144 42 14 52 19 4 18 57 21 106 NA 4
"18338" 8 31 23 23 161 45 17 77 28 7 25 82 29 113 NA 4
"18339" 8 36 30 28 192 45 18 88 29 10 30 103 49 119 NA 5
"18340" 9 40 32 35 223 56 20 101 32 11 44 112 51 129 NA 5
"18341" 9 41 37 45 263 65 22 114 36 20 51 119 58 139 6 5
"18342" 9 47 50 55 292 70 22 129 37 27 61 136 68 166 9 5
"18343" 9 52 58 66 309 78 23 145 40 32 63 158 76 183 9 5
"18344" 9 59 66 81 354 94 25 158 56 38 71 169 78 245 10 5
"18345" 9 64 68 98 381 109 31 162 56 38 78 170 83 257 15 5
"18346" 10 69 70 128 435 123 33 196 64 38 84 170 85 270 16 5
"18347" 10 72 74 151 510 132 33 239 66 39 94 172 95 321 18 5
"18348" 10 73 80 159 546 138 33 259 70 41 98 182 110 337 20 5
"18349" 10 74 86 165 579 153 42 285 84 45 108 197 118 344 20 10
"18350" 10 75 87 176 612 162 43 309 96 47 123 197 129 372 22 10
"18351" 11 77 88 184 672 172 50 333 99 47 127 201 135 396 24 10
"18352" 12 77 94 189 704 181 52 349 102 47 131 206 156 430 26 10
"18353" 12 79 96 194 726 189 63 368 111 48 134 209 188 455 26 10
"18354" 12 80 98 200 800 207 70 395 114 50 137 210 211 488 34 10
"18355" 12 81 98 205 863 211 73 416 127 68 137 215 239 543 35 10
"18356" 12 81 99 207 890 220 75 422 151 74 139 225 246 595 36 11
"18357" 13 82 101 213 943 231 89 438 158 84 141 238 261 622 37 11
"18358" 13 85 101 219 970 239 99 468 161 90 142 240 273 640 41 12
"18359" 17 90 102 233 1020 261 103 478 166 90 147 241 288 671 43 13
"18360" 17 91 108 237 1078 270 116 496 169 93 147 248 306 685 45 13
"18361" 17 93 108 241 1118 281 119 503 183 98 148 248 312 699 47 13
"18362" 17 93 109 242 1148 292 133 523 187 101 149 250 327 713 49 13
"18363" 17 93 114 243 1183 309 141 544 214 102 151 260 334 759 51 15
"18364" 17 93 116 244 1236 318 144 558 225 102 152 266 342 803 52 15
"18365" 17 93 116 247 1249 360 144 579 225 106 154 280 348 830 54 15
"18366" 18 93 119 250 1299 362 147 587 236 106 154 285 363 899 54 15
"18367" 18 94 119 250 1316 363 147 601 253 106 154 285 371 926 54 15
"18368" 18 94 119 251 1329 389 147 614 261 108 155 288 387 952 55 15
"18369" 18 94 119 252 1338 402 148 623 262 108 155 293 397 971 55 16
"18370" 18 94 119 252 1340 405 148 639 264 109 155 303 403 985 55 16
"18371" 18 94 119 252 1350 405 185 642 269 109 155 306 408 997 64 16
"18372" 18 94 119 252 1352 408 187 644 271 109 155 308 414 1001 77 16
"18373" 18 94 119 252 1363 409 188 645 279 109 155 308 436 1014 77 16
"18374" 18 95 119 252 1364 411 189 648 285 109 155 308 455 1030 78 16
"18375" 18 95 119 252 1376 431 189 651 286 110 155 309 459 1059 78 16
"18376" 18 95 119 252 1394 433 192 655 287 110 155 311 468 1108 78 16
"18377" 18 95 119 252 1395 433 192 655 288 110 155 311 478 1147 78 16
"18378" 18 95 121 252 1394 434 193 659 288 110 155 311 485 1170 79 16
"18379" 18 95 121 253 1398 435 193 659 288 110 155 312 488 1200 79 16
"18380" 18 95 121 253 1403 436 193 660 288 110 155 313 496 1214 80 16
"18381" 18 95 121 253 1404 508 193 660 293 110 155 315 502 1222 80 16
"18382" 18 95 121 253 1431 513 198 663 294 110 155 315 507 1232 81 16
"18383" 18 95 121 253 1455 513 199 666 297 110 155 315 509 1264 85 16
"18384" 18 95 121 253 1518 521 201 667 305 110 155 315 518 1278 85 16
"18385" 18 95 121 253 1529 592 204 667 305 110 155 316 523 1308 86 16
"18386" 18 95 121 253 1550 598 207 667 305 110 155 316 523 1333 86 16
"18387" 18 95 121 253 1555 598 207 667 305 110 155 316 525 1356 86 16
"18388" 18 95 121 253 1564 600 208 667 305 110 155 316 536 1378 86 16
"18389" 18 95 121 253 1580 600 209 667 305 110 155 317 537 1398 86 16
"18390" 18 95 121 253 1586 653 209 667 306 110 155 317 538 1404 87 16
"18391" 18 95 121 253 1596 681 210 667 306 110 155 317 542 1414 88 16
"18392" 18 95 121 255 1604 726 210 667 308 110 155 317 543 1423 88 16
"18393" 18 95 121 255 1607 742 211 667 312 110 155 327 543 1458 89 16
"18394" 18 95 121 255 1610 742 211 667 312 110 155 328 543 1470 89 16
"18395" 18 95 121 255 1612 764 213 667 315 110 155 330 544 1475 89 16
"18396" 18 95 121 255 1613 775 214 668 323 110 155 330 544 1493 89 16
"18397" 18 95 121 255 1627 776 215 668 328 110 155 330 544 1508 89 16
"18398" 18 95 121 255 1628 776 215 668 335 110 155 331 544 1515 90 16
"18399" 18 95 121 255 1636 776 215 668 336 110 155 331 544 1528 90 16
"18400" 18 95 121 255 1644 776 215 668 336 110 155 331 544 1566 91 16
"18401" 18 95 121 255 1650 776 215 669 338 110 155 337 544 1588 91 16
"18402" 18 96 121 255 1665 776 215 669 338 111 156 338 544 1598 93 16
"18403" 18 96 121 255 1673 778 215 669 339 111 156 338 544 1637 93 16
"18404" 18 96 121 255 1693 791 216 669 341 111 156 340 545 1676 93 16
"18405" 18 96 121 255 1730 792 216 670 344 111 156 341 545 1681 93 16
"18406" 18 96 121 255 1776 792 216 671 344 111 156 343 545 1692 93 16
"18407" 18 96 121 255 1829 792 216 671 344 111 156 343 549 1807 93 16
"18408" 18 96 121 255 1838 793 216 671 344 111 156 343 549 1984 93 16
"18409" 18 96 121 255 1843 793 216 671 344 111 156 344 552 1990 93 16
"18410" 18 96 121 255 1845 793 216 671 345 111 156 344 552 1997 93 16
"18411" 18 96 121 255 1873 852 216 674 346 111 156 346 552 2007 93 16
"18412" 18 96 121 256 1878 856 218 675 346 111 156 346 552 2020 97 16
"18413" 18 96 121 256 1909 858 219 675 361 111 156 346 552 2028 97 16
"18414" 18 96 121 256 1920 860 232 675 361 111 156 347 552 2039 97 16
"18415" 18 96 121 256 1926 866 233 676 361 111 156 348 552 2044 97 16
"18416" 18 96 121 256 1928 902 233 676 361 111 156 348 552 2099 97 16
"18417" 18 96 121 256 1930 905 233 676 362 111 156 348 552 2370 97 16
"18418" 18 96 121 256 1939 905 234 676 363 111 156 351 553 2374 97 16
"18419" 18 96 121 256 1953 910 234 676 363 111 156 351 555 2389 97 17
"18420" 18 96 121 256 1965 911 234 676 363 111 156 353 555 2393 97 17
"18421" 18 96 121 256 1968 911 235 676 363 111 156 355 555 2394 97 17
"18422" 18 96 121 256 1971 911 235 676 363 111 156 355 555 2398 97 17
"18423" 18 96 121 256 1971 911 235 677 363 111 156 355 556 2398 97 17
"18424" 18 96 121 256 1974 927 246 677 363 111 156 355 556 2399 97 17
"18425" 18 96 121 256 1987 931 250 678 363 111 156 356 556 2409 97 17
"18426" 18 96 121 257 1994 957 252 680 365 111 156 358 556 2410 97 17
"18427" 18 96 121 257 1996 957 253 680 365 111 156 358 557 2414 97 17
"18428" 18 96 121 257 1998 989 255 683 365 111 156 359 557 2415 97 17
"18429" 18 96 121 257 1999 993 255 684 365 111 156 359 560 2417 97 17
"18430" 18 96 121 257 2004 994 255 684 365 111 156 361 561 2418 97 17
"18431" 18 96 121 258 2006 994 255 686 365 111 156 362 565 2422 97 17
"18432" 18 96 121 258 2009 995 255 686 365 111 156 362 566 2423 97 17
"18433" 18 96 121 258 2021 996 255 686 365 111 156 363 566 2430 97 17
"18434" 18 96 121 258 2025 1002 256 687 365 111 156 364 569 2430 97 17
"18435" 18 96 121 258 2027 1014 256 688 365 111 156 364 569 2430 97 17
"18436" 18 96 121 258 2027 1015 256 688 365 111 156 366 569 2430 97 17
"18437" 18 96 121 258 2032 1015 256 688 365 111 156 366 570 2430 97 17
"18438" 18 96 121 258 2034 1015 256 689 365 111 157 366 570 2430 97 17
"18439" 18 97 121 258 2036 1015 256 691 365 111 157 366 570 2431 97 17
"18440" 18 97 121 258 2039 1016 256 691 365 111 157 368 570 2435 97 17
"18441" 18 97 121 258 2044 1025 256 691 365 111 157 370 571 2436 97 17
"18442" 18 97 121 258 2046 1025 256 691 365 111 157 371 571 2436 97 17
"18443" 18 97 121 258 2047 1025 256 691 365 111 157 372 571 2436 97 17
"18444" 18 97 121 258 2048 1025 256 691 365 111 157 372 571 2436 97 17
"18445" 18 97 121 258 2048 1025 256 692 365 111 157 373 571 2437 97 17
"18446" 18 97 121 258 2051 1025 256 692 365 111 157 375 571 2437 97 17
"18447" 18 97 121 258 2058 1026 256 692 365 111 157 376 571 2438 97 17
"18448" 18 97 121 258 2060 1027 256 692 365 111 157 378 571 2438 97 17
"18449" 18 97 121 258 2062 1027 256 693 365 111 157 378 572 2439 97 17
"18450" 18 97 121 258 2065 1027 256 694 365 111 157 378 572 2441 97 17
"18451" 18 97 121 258 2066 1027 256 694 365 111 157 378 573 2442 97 17
"18452" 18 97 121 258 2070 1027 256 696 365 111 157 378 573 2442 97 17
"18453" 18 98 121 258 2076 1027 256 697 365 111 157 378 575 2445 97 17
"18454" 18 98 121 258 2079 1027 256 699 365 111 157 379 577 2445 97 17
"18455" 18 98 121 258 2088 1027 257 699 365 111 157 380 579 2445 98 17
"18456" 18 99 121 258 2092 1027 258 699 365 111 157 380 580 2445 98 17
"18457" 18 99 121 258 2093 1027 258 701 365 111 157 380 580 2446 98 17
"18458" 18 99 121 258 2094 1027 258 701 365 111 157 380 583 2447 98 17
"18459" 18 99 121 258 2094 1027 258 701 365 112 157 380 584 2448 98 17
"18460" 18 99 121 258 2098 1027 258 701 365 114 157 381 594 2449 98 17
"18461" 18 99 121 258 2099 1027 258 701 365 114 158 381 601 2449 98 17
"18462" 18 99 121 260 2103 1027 258 702 365 114 158 382 607 2450 98 17
"18463" 18 100 121 260 2107 1028 258 716 365 114 158 382 608 2450 98 17
"18464" 18 100 121 260 2109 1028 258 716 365 114 158 383 619 2451 98 17
"18465" 18 100 121 261 2112 1028 258 717 365 114 158 383 628 2453 98 17
"18466" 18 100 121 261 2112 1028 258 718 366 114 159 384 632 2454 98 17
"18467" 18 100 121 262 2115 1028 258 720 369 114 159 384 641 2457 98 17
"18468" 18 100 121 262 2118 1028 258 730 369 114 159 384 649 2458 98 18
"18469" 18 100 121 262 2118 1028 258 737 370 114 160 385 650 2460 98 18
"18470" 18 100 121 262 2119 1028 258 737 370 114 160 389 650 2462 98 18
